   4.0000000e+02   1.8552139e+00
   4.0100000e+02   1.8267711e+00
   4.0200000e+02   1.7987644e+00
   4.0300000e+02   1.7711871e+00
   4.0400000e+02   1.7440326e+00
   4.0500000e+02   1.7172944e+00
   4.0600000e+02   1.6909661e+00
   4.0700000e+02   1.6650414e+00
   4.0800000e+02   1.6395142e+00
   4.0900000e+02   1.6143784e+00
   4.1000000e+02   1.5896280e+00
   4.1100000e+02   1.5652570e+00
   4.1200000e+02   1.5412596e+00
   4.1300000e+02   1.5176301e+00
   4.1400000e+02   1.4943630e+00
   4.1500000e+02   1.4714525e+00
   4.1600000e+02   1.4488933e+00
   4.1700000e+02   1.4266799e+00
   4.1800000e+02   1.4048071e+00
   4.1900000e+02   1.3832696e+00
   4.2000000e+02   1.3620624e+00
   4.2100000e+02   1.3411802e+00
   4.2200000e+02   1.3206183e+00
   4.2300000e+02   1.3003715e+00
   4.2400000e+02   1.2804352e+00
   4.2500000e+02   1.2608045e+00
   4.2600000e+02   1.2414748e+00
   4.2700000e+02   1.2224414e+00
   4.2800000e+02   1.2036998e+00
   4.2900000e+02   1.1852456e+00
   4.3000000e+02   1.1670743e+00
   4.3100000e+02   1.1491816e+00
   4.3200000e+02   1.1315632e+00
   4.3300000e+02   1.1142149e+00
   4.3400000e+02   1.0971325e+00
   4.3500000e+02   1.0803121e+00
   4.3600000e+02   1.0637496e+00
   4.3700000e+02   1.0474410e+00
   4.3800000e+02   1.0313824e+00
   4.3900000e+02   1.0155700e+00
   4.4000000e+02   1.0000000e+00
   4.4100000e+02   9.8466874e-01
   4.4200000e+02   9.6957253e-01
   4.4300000e+02   9.5470776e-01
   4.4400000e+02   9.4007088e-01
   4.4500000e+02   9.2565841e-01
   4.4600000e+02   9.1146690e-01
   4.4700000e+02   8.9749296e-01
   4.4800000e+02   8.8373326e-01
   4.4900000e+02   8.7018452e-01
   4.5000000e+02   8.5684349e-01
   4.5100000e+02   8.4370700e-01
   4.5200000e+02   8.3077191e-01
   4.5300000e+02   8.1803513e-01
   4.5400000e+02   8.0549362e-01
   4.5500000e+02   7.9314438e-01
   4.5600000e+02   7.8098448e-01
   4.5700000e+02   7.6901100e-01
   4.5800000e+02   7.5722110e-01
   4.5900000e+02   7.4561194e-01
   4.6000000e+02   7.3418077e-01
   4.6100000e+02   7.2292485e-01
   4.6200000e+02   7.1184150e-01
   4.6300000e+02   7.0092808e-01
   4.6400000e+02   6.9018196e-01
   4.6500000e+02   6.7960060e-01
   4.6600000e+02   6.6918147e-01
   4.6700000e+02   6.5892207e-01
   4.6800000e+02   6.4881997e-01
   4.6900000e+02   6.3887274e-01
   4.7000000e+02   6.2907801e-01
   4.7100000e+02   6.1943346e-01
   4.7200000e+02   6.0993676e-01
   4.7300000e+02   6.0058566e-01
   4.7400000e+02   5.9137792e-01
   4.7500000e+02   5.8231136e-01
   4.7600000e+02   5.7338379e-01
   4.7700000e+02   5.6459309e-01
   4.7800000e+02   5.5593717e-01
   4.7900000e+02   5.4741395e-01
   4.8000000e+02   5.3902140e-01
   4.8100000e+02   5.3075753e-01
   4.8200000e+02   5.2262034e-01
   4.8300000e+02   5.1460791e-01
   4.8400000e+02   5.0671833e-01
   4.8500000e+02   4.9894969e-01
   4.8600000e+02   4.9130017e-01
   4.8700000e+02   4.8376792e-01
   4.8800000e+02   4.7635114e-01
   4.8900000e+02   4.6904808e-01
   4.9000000e+02   4.6185698e-01
   4.9100000e+02   4.5477613e-01
   4.9200000e+02   4.4780384e-01
   4.9300000e+02   4.4093844e-01
   4.9400000e+02   4.3417830e-01
   4.9500000e+02   4.2752180e-01
   4.9600000e+02   4.2096735e-01
   4.9700000e+02   4.1451339e-01
   4.9800000e+02   4.0815838e-01
   4.9900000e+02   4.0190079e-01
   5.0000000e+02   3.9573915e-01
   5.0100000e+02   3.8967197e-01
   5.0200000e+02   3.8369781e-01
   5.0300000e+02   3.7781523e-01
   5.0400000e+02   3.7202285e-01
   5.0500000e+02   3.6631927e-01
   5.0600000e+02   3.6070313e-01
   5.0700000e+02   3.5517310e-01
   5.0800000e+02   3.4972785e-01
   5.0900000e+02   3.4436608e-01
   5.1000000e+02   3.3908651e-01
   5.1100000e+02   3.3388789e-01
   5.1200000e+02   3.2876897e-01
   5.1300000e+02   3.2372853e-01
   5.1400000e+02   3.1876536e-01
   5.1500000e+02   3.1387828e-01
   5.1600000e+02   3.0906613e-01
   5.1700000e+02   3.0432776e-01
   5.1800000e+02   2.9966203e-01
   5.1900000e+02   2.9506783e-01
   5.2000000e+02   2.9054407e-01
   5.2100000e+02   2.8608967e-01
   5.2200000e+02   2.8170355e-01
   5.2300000e+02   2.7738468e-01
   5.2400000e+02   2.7313202e-01
   5.2500000e+02   2.6894456e-01
   5.2600000e+02   2.6482131e-01
   5.2700000e+02   2.6076126e-01
   5.2800000e+02   2.5676346e-01
   5.2900000e+02   2.5282695e-01
   5.3000000e+02   2.4895080e-01
   5.3100000e+02   2.4513407e-01
   5.3200000e+02   2.4137585e-01
   5.3300000e+02   2.3767526e-01
   5.3400000e+02   2.3403140e-01
   5.3500000e+02   2.3044340e-01
   5.3600000e+02   2.2691041e-01
   5.3700000e+02   2.2343159e-01
   5.3800000e+02   2.2000610e-01
   5.3900000e+02   2.1663313e-01
   5.4000000e+02   2.1331187e-01
   5.4100000e+02   2.1004153e-01
   5.4200000e+02   2.0682133e-01
   5.4300000e+02   2.0365050e-01
   5.4400000e+02   2.0052828e-01
   5.4500000e+02   1.9745393e-01
   5.4600000e+02   1.9442671e-01
   5.4700000e+02   1.9144590e-01
   5.4800000e+02   1.8851080e-01
   5.4900000e+02   1.8562069e-01
   5.5000000e+02   1.8277489e-01
   5.5100000e+02   1.7997272e-01
   5.5200000e+02   1.7721351e-01
   5.5300000e+02   1.7449660e-01
   5.5400000e+02   1.7182135e-01
   5.5500000e+02   1.6918711e-01
   5.5600000e+02   1.6659326e-01
   5.5700000e+02   1.6403918e-01
   5.5800000e+02   1.6152425e-01
   5.5900000e+02   1.5904788e-01
   5.6000000e+02   1.5660947e-01
   5.6100000e+02   1.5420845e-01
   5.6200000e+02   1.5184424e-01
   5.6300000e+02   1.4951628e-01
   5.6400000e+02   1.4722401e-01
   5.6500000e+02   1.4496688e-01
   5.6600000e+02   1.4274435e-01
   5.6700000e+02   1.4055590e-01
   5.6800000e+02   1.3840100e-01
   5.6900000e+02   1.3627914e-01
   5.7000000e+02   1.3418981e-01
   5.7100000e+02   1.3213251e-01
   5.7200000e+02   1.3010675e-01
   5.7300000e+02   1.2811205e-01
   5.7400000e+02   1.2614793e-01
   5.7500000e+02   1.2421392e-01
   5.7600000e+02   1.2230957e-01
   5.7700000e+02   1.2043441e-01
   5.7800000e+02   1.1858800e-01
   5.7900000e+02   1.1676989e-01
   5.8000000e+02   1.1497966e-01
   5.8100000e+02   1.1321688e-01
   5.8200000e+02   1.1148112e-01
   5.8300000e+02   1.0977198e-01
   5.8400000e+02   1.0808903e-01
   5.8500000e+02   1.0643189e-01
   5.8600000e+02   1.0480016e-01
   5.8700000e+02   1.0319344e-01
   5.8800000e+02   1.0161135e-01
   5.8900000e+02   1.0005352e-01
   5.9000000e+02   9.8519577e-02
   5.9100000e+02   9.7009148e-02
   5.9200000e+02   9.5521875e-02
   5.9300000e+02   9.4057404e-02
   5.9400000e+02   9.2615386e-02
   5.9500000e+02   9.1195475e-02
   5.9600000e+02   8.9797333e-02
   5.9700000e+02   8.8420627e-02
   5.9800000e+02   8.7065027e-02
   5.9900000e+02   8.5730211e-02
   6.0000000e+02   8.4415858e-02
   6.0100000e+02   8.3121657e-02
   6.0200000e+02   8.1847297e-02
   6.0300000e+02   8.0592475e-02
   6.0400000e+02   7.9356890e-02
   6.0500000e+02   7.8140249e-02
   6.0600000e+02   7.6942261e-02
   6.0700000e+02   7.5762639e-02
   6.0800000e+02   7.4601102e-02
   6.0900000e+02   7.3457373e-02
   6.1000000e+02   7.2331179e-02
   6.1100000e+02   7.1222251e-02
   6.1200000e+02   7.0130324e-02
   6.1300000e+02   6.9055137e-02
   6.1400000e+02   6.7996435e-02
   6.1500000e+02   6.6953964e-02
   6.1600000e+02   6.5927475e-02
   6.1700000e+02   6.4916724e-02
   6.1800000e+02   6.3921469e-02
   6.1900000e+02   6.2941472e-02
   6.2000000e+02   6.1976500e-02
   6.2100000e+02   6.1026322e-02
   6.2200000e+02   6.0090712e-02
   6.2300000e+02   5.9169445e-02
   6.2400000e+02   5.8262303e-02
   6.2500000e+02   5.7369068e-02
   6.2600000e+02   5.6489528e-02
   6.2700000e+02   5.5623472e-02
   6.2800000e+02   5.4770694e-02
   6.2900000e+02   5.3930991e-02
   6.3000000e+02   5.3104161e-02
   6.3100000e+02   5.2290007e-02
   6.3200000e+02   5.1488335e-02
   6.3300000e+02   5.0698954e-02
   6.3400000e+02   4.9921675e-02
   6.3500000e+02   4.9156313e-02
   6.3600000e+02   4.8402685e-02
   6.3700000e+02   4.7660610e-02
   6.3800000e+02   4.6929913e-02
   6.3900000e+02   4.6210418e-02
   6.4000000e+02   4.5501954e-02
   6.4100000e+02   4.4804352e-02
   6.4200000e+02   4.4117445e-02
   6.4300000e+02   4.3441069e-02
   6.4400000e+02   4.2775062e-02
   6.4500000e+02   4.2119267e-02
   6.4600000e+02   4.1473525e-02
   6.4700000e+02   4.0837684e-02
   6.4800000e+02   4.0211591e-02
   6.4900000e+02   3.9595096e-02
   6.5000000e+02   3.8988054e-02
   6.5100000e+02   3.8390317e-02
   6.5200000e+02   3.7801746e-02
   6.5300000e+02   3.7222197e-02
   6.5400000e+02   3.6651534e-02
   6.5500000e+02   3.6089620e-02
   6.5600000e+02   3.5536320e-02
   6.5700000e+02   3.4991504e-02
   6.5800000e+02   3.4455040e-02
   6.5900000e+02   3.3926801e-02
   6.6000000e+02   3.3406660e-02
   6.6100000e+02   3.2894494e-02
   6.6200000e+02   3.2390180e-02
   6.6300000e+02   3.1893597e-02
   6.6400000e+02   3.1404628e-02
   6.6500000e+02   3.0923156e-02
   6.6600000e+02   3.0449065e-02
   6.6700000e+02   2.9982242e-02
   6.6800000e+02   2.9522577e-02
   6.6900000e+02   2.9069958e-02
   6.7000000e+02   2.8624279e-02
   6.7100000e+02   2.8185433e-02
   6.7200000e+02   2.7753315e-02
   6.7300000e+02   2.7327821e-02
   6.7400000e+02   2.6908851e-02
   6.7500000e+02   2.6496305e-02
   6.7600000e+02   2.6090083e-02
   6.7700000e+02   2.5690089e-02
   6.7800000e+02   2.5296228e-02
   6.7900000e+02   2.4908405e-02
   6.8000000e+02   2.4526527e-02
   6.8100000e+02   2.4150505e-02
   6.8200000e+02   2.3780247e-02
   6.8300000e+02   2.3415666e-02
   6.8400000e+02   2.3056674e-02
   6.8500000e+02   2.2703186e-02
   6.8600000e+02   2.2355118e-02
   6.8700000e+02   2.2012386e-02
   6.8800000e+02   2.1674908e-02
   6.8900000e+02   2.1342604e-02
   6.9000000e+02   2.1015395e-02
   6.9100000e+02   2.0693203e-02
   6.9200000e+02   2.0375950e-02
   6.9300000e+02   2.0063561e-02
   6.9400000e+02   1.9755961e-02
   6.9500000e+02   1.9453077e-02
   6.9600000e+02   1.9154837e-02
   6.9700000e+02   1.8861169e-02
   6.9800000e+02   1.8572004e-02
   6.9900000e+02   1.8287272e-02
   7.0000000e+02   1.8006905e-02
   7.0100000e+02   1.7730836e-02
   7.0200000e+02   1.7459000e-02
   7.0300000e+02   1.7191332e-02
   7.0400000e+02   1.6927767e-02
   7.0500000e+02   1.6668243e-02
   7.0600000e+02   1.6412698e-02
   7.0700000e+02   1.6161070e-02
   7.0800000e+02   1.5913301e-02
   7.0900000e+02   1.5669330e-02
   7.1000000e+02   1.5429099e-02
   7.1100000e+02   1.5192552e-02
   7.1200000e+02   1.4959631e-02
   7.1300000e+02   1.4730281e-02
   7.1400000e+02   1.4504447e-02
   7.1500000e+02   1.4282075e-02
   7.1600000e+02   1.4063113e-02
   7.1700000e+02   1.3847508e-02
   7.1800000e+02   1.3635208e-02
   7.1900000e+02   1.3426163e-02
   7.2000000e+02   1.3220323e-02
   7.2100000e+02   1.3017639e-02
   7.2200000e+02   1.2818062e-02
   7.2300000e+02   1.2621545e-02
   7.2400000e+02   1.2428041e-02
   7.2500000e+02   1.2237503e-02
   7.2600000e+02   1.2049887e-02
   7.2700000e+02   1.1865147e-02
   7.2800000e+02   1.1683239e-02
   7.2900000e+02   1.1504121e-02
   7.3000000e+02   1.1327748e-02
   7.3100000e+02   1.1154079e-02
   7.3200000e+02   1.0983073e-02
   7.3300000e+02   1.0814689e-02
   7.3400000e+02   1.0648886e-02
   7.3500000e+02   1.0485625e-02
   7.3600000e+02   1.0324867e-02
   7.3700000e+02   1.0166574e-02
   7.3800000e+02   1.0010708e-02
   7.3900000e+02   9.8572308e-03
   7.4000000e+02   9.7061070e-03
   7.4100000e+02   9.5573002e-03
   7.4200000e+02   9.4107747e-03
   7.4300000e+02   9.2664957e-03
   7.4400000e+02   9.1244286e-03
   7.4500000e+02   8.9845396e-03
   7.4600000e+02   8.8467953e-03
   7.4700000e+02   8.7111628e-03
   7.4800000e+02   8.5776096e-03
   7.4900000e+02   8.4461041e-03
   7.5000000e+02   8.3166146e-03
   7.5100000e+02   8.1891105e-03
   7.5200000e+02   8.0635611e-03
   7.5300000e+02   7.9399365e-03
   7.5400000e+02   7.8182073e-03
   7.5500000e+02   7.6983443e-03
   7.5600000e+02   7.5803190e-03
   7.5700000e+02   7.4641031e-03
   7.5800000e+02   7.3496690e-03
   7.5900000e+02   7.2369893e-03
   7.6000000e+02   7.1260371e-03
   7.6100000e+02   7.0167860e-03
   7.6200000e+02   6.9092098e-03
   7.6300000e+02   6.8032829e-03
   7.6400000e+02   6.6989800e-03
   7.6500000e+02   6.5962762e-03
   7.6600000e+02   6.4951470e-03
   7.6700000e+02   6.3955682e-03
   7.6800000e+02   6.2975161e-03
   7.6900000e+02   6.2009672e-03
   7.7000000e+02   6.1058985e-03
   7.7100000e+02   6.0122874e-03
   7.7200000e+02   5.9201115e-03
   7.7300000e+02   5.8293487e-03
   7.7400000e+02   5.7399774e-03
   7.7500000e+02   5.6519763e-03
   7.7600000e+02   5.5653244e-03
   7.7700000e+02   5.4800010e-03
   7.7800000e+02   5.3959857e-03
   7.7900000e+02   5.3132584e-03
   7.8000000e+02   5.2317994e-03
   7.8100000e+02   5.1515894e-03
   7.8200000e+02   5.0726090e-03
   7.8300000e+02   4.9948395e-03
   7.8400000e+02   4.9182623e-03
   7.8500000e+02   4.8428591e-03
   7.8600000e+02   4.7686120e-03
   7.8700000e+02   4.6955032e-03
   7.8800000e+02   4.6235152e-03
   7.8900000e+02   4.5526309e-03
   7.9000000e+02   4.4828333e-03
   7.9100000e+02   4.4141058e-03
   7.9200000e+02   4.3464320e-03
   7.9300000e+02   4.2797957e-03
   7.9400000e+02   4.2141811e-03
   7.9500000e+02   4.1495723e-03
   7.9600000e+02   4.0859542e-03
   7.9700000e+02   4.0233113e-03
   7.9800000e+02   3.9616289e-03
   7.9900000e+02   3.9008921e-03
   8.0000000e+02   3.8410865e-03
   8.0100000e+02   3.7821978e-03
   8.0200000e+02   3.7242120e-03
   8.0300000e+02   3.6671151e-03
   8.0400000e+02   3.6108936e-03
   8.0500000e+02   3.5555341e-03
   8.0600000e+02   3.5010232e-03
   8.0700000e+02   3.4473481e-03
   8.0800000e+02   3.3944959e-03
   8.0900000e+02   3.3424540e-03
   8.1000000e+02   3.2912100e-03
   8.1100000e+02   3.2407516e-03
   8.1200000e+02   3.1910668e-03
   8.1300000e+02   3.1421437e-03
   8.1400000e+02   3.0939707e-03
   8.1500000e+02   3.0465362e-03
   8.1600000e+02   2.9998290e-03
   8.1700000e+02   2.9538378e-03
   8.1800000e+02   2.9085518e-03
   8.1900000e+02   2.8639600e-03
   8.2000000e+02   2.8200519e-03
   8.2100000e+02   2.7768169e-03
   8.2200000e+02   2.7342448e-03
   8.2300000e+02   2.6923254e-03
   8.2400000e+02   2.6510487e-03
   8.2500000e+02   2.6104047e-03
   8.2600000e+02   2.5703839e-03
   8.2700000e+02   2.5309767e-03
   8.2800000e+02   2.4921736e-03
   8.2900000e+02   2.4539655e-03
   8.3000000e+02   2.4163431e-03
   8.3100000e+02   2.3792975e-03
   8.3200000e+02   2.3428199e-03
   8.3300000e+02   2.3069015e-03
   8.3400000e+02   2.2715338e-03
   8.3500000e+02   2.2367083e-03
   8.3600000e+02   2.2024167e-03
   8.3700000e+02   2.1686509e-03
   8.3800000e+02   2.1354028e-03
   8.3900000e+02   2.1026644e-03
   8.4000000e+02   2.0704279e-03
   8.4100000e+02   2.0386856e-03
   8.4200000e+02   2.0074300e-03
   8.4300000e+02   1.9766535e-03
   8.4400000e+02   1.9463489e-03
   8.4500000e+02   1.9165090e-03
   8.4600000e+02   1.8871265e-03
   8.4700000e+02   1.8581944e-03
   8.4800000e+02   1.8297060e-03
   8.4900000e+02   1.8016543e-03
   8.5000000e+02   1.7740326e-03
   8.5100000e+02   1.7468345e-03
   8.5200000e+02   1.7200533e-03
   8.5300000e+02   1.6936827e-03
   8.5400000e+02   1.6677164e-03
   8.5500000e+02   1.6421482e-03
   8.5600000e+02   1.6169720e-03
   8.5700000e+02   1.5921818e-03
   8.5800000e+02   1.5677716e-03
   8.5900000e+02   1.5437357e-03
   8.6000000e+02   1.5200683e-03
   8.6100000e+02   1.4967638e-03
   8.6200000e+02   1.4738165e-03
   8.6300000e+02   1.4512210e-03
   8.6400000e+02   1.4289720e-03
   8.6500000e+02   1.4070640e-03
   8.6600000e+02   1.3854920e-03
   8.6700000e+02   1.3642506e-03
   8.6800000e+02   1.3433349e-03
   8.6900000e+02   1.3227399e-03
   8.7000000e+02   1.3024606e-03
   8.7100000e+02   1.2824923e-03
   8.7200000e+02   1.2628301e-03
   8.7300000e+02   1.2434693e-03
   8.7400000e+02   1.2244053e-03
   8.7500000e+02   1.2056336e-03
   8.7600000e+02   1.1871498e-03
   8.7700000e+02   1.1689493e-03
   8.7800000e+02   1.1510278e-03
   8.7900000e+02   1.1333811e-03
   8.8000000e+02   1.1160049e-03
   8.8100000e+02   1.0988952e-03
   8.8200000e+02   1.0820477e-03
   8.8300000e+02   1.0654586e-03
   8.8400000e+02   1.0491237e-03
   8.8500000e+02   1.0330393e-03
   8.8600000e+02   1.0172016e-03
   8.8700000e+02   1.0016066e-03
   8.8800000e+02   9.8625068e-04
   8.8900000e+02   9.7113021e-04
   8.9000000e+02   9.5624156e-04
   8.9100000e+02   9.4158117e-04
   8.9200000e+02   9.2714554e-04
   8.9300000e+02   9.1293123e-04
   8.9400000e+02   8.9893485e-04
   8.9500000e+02   8.8515304e-04
   8.9600000e+02   8.7158253e-04
   8.9700000e+02   8.5822007e-04
   8.9800000e+02   8.4506247e-04
   8.9900000e+02   8.3210660e-04
   9.0000000e+02   8.1934936e-04
