   4.0000000e+02   1.9833751e+00
   4.0100000e+02   1.9497087e+00
   4.0200000e+02   1.9166138e+00
   4.0300000e+02   1.8840807e+00
   4.0400000e+02   1.8520998e+00
   4.0500000e+02   1.8206617e+00
   4.0600000e+02   1.7897573e+00
   4.0700000e+02   1.7593774e+00
   4.0800000e+02   1.7295132e+00
   4.0900000e+02   1.7001560e+00
   4.1000000e+02   1.6712970e+00
   4.1100000e+02   1.6429280e+00
   4.1200000e+02   1.6150404e+00
   4.1300000e+02   1.5876263e+00
   4.1400000e+02   1.5606775e+00
   4.1500000e+02   1.5341861e+00
   4.1600000e+02   1.5081444e+00
   4.1700000e+02   1.4825447e+00
   4.1800000e+02   1.4573796e+00
   4.1900000e+02   1.4326416e+00
   4.2000000e+02   1.4083235e+00
   4.2100000e+02   1.3844182e+00
   4.2200000e+02   1.3609187e+00
   4.2300000e+02   1.3378181e+00
   4.2400000e+02   1.3151096e+00
   4.2500000e+02   1.2927865e+00
   4.2600000e+02   1.2708424e+00
   4.2700000e+02   1.2492708e+00
   4.2800000e+02   1.2280653e+00
   4.2900000e+02   1.2072198e+00
   4.3000000e+02   1.1867281e+00
   4.3100000e+02   1.1665842e+00
   4.3200000e+02   1.1467823e+00
   4.3300000e+02   1.1273165e+00
   4.3400000e+02   1.1081811e+00
   4.3500000e+02   1.0893705e+00
   4.3600000e+02   1.0708792e+00
   4.3700000e+02   1.0527018e+00
   4.3800000e+02   1.0348329e+00
   4.3900000e+02   1.0172674e+00
   4.4000000e+02   1.0000000e+00
   4.4100000e+02   9.8302571e-01
   4.4200000e+02   9.6633956e-01
   4.4300000e+02   9.4993663e-01
   4.4400000e+02   9.3381214e-01
   4.4500000e+02   9.1796134e-01
   4.4600000e+02   9.0237960e-01
   4.4700000e+02   8.8706236e-01
   4.4800000e+02   8.7200511e-01
   4.4900000e+02   8.5720344e-01
   4.5000000e+02   8.4265303e-01
   4.5100000e+02   8.2834959e-01
   4.5200000e+02   8.1428895e-01
   4.5300000e+02   8.0046698e-01
   4.5400000e+02   7.8687962e-01
   4.5500000e+02   7.7352290e-01
   4.5600000e+02   7.6039290e-01
   4.5700000e+02   7.4748578e-01
   4.5800000e+02   7.3479774e-01
   4.5900000e+02   7.2232507e-01
   4.6000000e+02   7.1006412e-01
   4.6100000e+02   6.9801129e-01
   4.6200000e+02   6.8616305e-01
   4.6300000e+02   6.7451592e-01
   4.6400000e+02   6.6306649e-01
   4.6500000e+02   6.5181141e-01
   4.6600000e+02   6.4074738e-01
   4.6700000e+02   6.2987115e-01
   4.6800000e+02   6.1917954e-01
   4.6900000e+02   6.0866941e-01
   4.7000000e+02   5.9833768e-01
   4.7100000e+02   5.8818133e-01
   4.7200000e+02   5.7819737e-01
   4.7300000e+02   5.6838288e-01
   4.7400000e+02   5.5873499e-01
   4.7500000e+02   5.4925086e-01
   4.7600000e+02   5.3992772e-01
   4.7700000e+02   5.3076283e-01
   4.7800000e+02   5.2175351e-01
   4.7900000e+02   5.1289712e-01
   4.8000000e+02   5.0419106e-01
   4.8100000e+02   4.9563277e-01
   4.8200000e+02   4.8721976e-01
   4.8300000e+02   4.7894956e-01
   4.8400000e+02   4.7081973e-01
   4.8500000e+02   4.6282790e-01
   4.8600000e+02   4.5497173e-01
   4.8700000e+02   4.4724891e-01
   4.8800000e+02   4.3965718e-01
   4.8900000e+02   4.3219431e-01
   4.9000000e+02   4.2485812e-01
   4.9100000e+02   4.1764646e-01
   4.9200000e+02   4.1055721e-01
   4.9300000e+02   4.0358829e-01
   4.9400000e+02   3.9673767e-01
   4.9500000e+02   3.9000333e-01
   4.9600000e+02   3.8338330e-01
   4.9700000e+02   3.7687565e-01
   4.9800000e+02   3.7047845e-01
   4.9900000e+02   3.6418984e-01
   5.0000000e+02   3.5800798e-01
   5.0100000e+02   3.5193105e-01
   5.0200000e+02   3.4595727e-01
   5.0300000e+02   3.4008490e-01
   5.0400000e+02   3.3431220e-01
   5.0500000e+02   3.2863749e-01
   5.0600000e+02   3.2305910e-01
   5.0700000e+02   3.1757540e-01
   5.0800000e+02   3.1218479e-01
   5.0900000e+02   3.0688567e-01
   5.1000000e+02   3.0167651e-01
   5.1100000e+02   2.9655577e-01
   5.1200000e+02   2.9152194e-01
   5.1300000e+02   2.8657357e-01
   5.1400000e+02   2.8170918e-01
   5.1500000e+02   2.7692737e-01
   5.1600000e+02   2.7222673e-01
   5.1700000e+02   2.6760587e-01
   5.1800000e+02   2.6306346e-01
   5.1900000e+02   2.5859814e-01
   5.2000000e+02   2.5420862e-01
   5.2100000e+02   2.4989361e-01
   5.2200000e+02   2.4565185e-01
   5.2300000e+02   2.4148208e-01
   5.2400000e+02   2.3738310e-01
   5.2500000e+02   2.3335369e-01
   5.2600000e+02   2.2939268e-01
   5.2700000e+02   2.2549890e-01
   5.2800000e+02   2.2167122e-01
   5.2900000e+02   2.1790851e-01
   5.3000000e+02   2.1420967e-01
   5.3100000e+02   2.1057361e-01
   5.3200000e+02   2.0699927e-01
   5.3300000e+02   2.0348561e-01
   5.3400000e+02   2.0003158e-01
   5.3500000e+02   1.9663619e-01
   5.3600000e+02   1.9329843e-01
   5.3700000e+02   1.9001733e-01
   5.3800000e+02   1.8679192e-01
   5.3900000e+02   1.8362126e-01
   5.4000000e+02   1.8050442e-01
   5.4100000e+02   1.7744049e-01
   5.4200000e+02   1.7442856e-01
   5.4300000e+02   1.7146776e-01
   5.4400000e+02   1.6855722e-01
   5.4500000e+02   1.6569608e-01
   5.4600000e+02   1.6288351e-01
   5.4700000e+02   1.6011868e-01
   5.4800000e+02   1.5740078e-01
   5.4900000e+02   1.5472901e-01
   5.5000000e+02   1.5210260e-01
   5.5100000e+02   1.4952076e-01
   5.5200000e+02   1.4698276e-01
   5.5300000e+02   1.4448783e-01
   5.5400000e+02   1.4203525e-01
   5.5500000e+02   1.3962430e-01
   5.5600000e+02   1.3725428e-01
   5.5700000e+02   1.3492449e-01
   5.5800000e+02   1.3263424e-01
   5.5900000e+02   1.3038287e-01
   5.6000000e+02   1.2816971e-01
   5.6100000e+02   1.2599413e-01
   5.6200000e+02   1.2385546e-01
   5.6300000e+02   1.2175311e-01
   5.6400000e+02   1.1968643e-01
   5.6500000e+02   1.1765484e-01
   5.6600000e+02   1.1565774e-01
   5.6700000e+02   1.1369453e-01
   5.6800000e+02   1.1176465e-01
   5.6900000e+02   1.0986752e-01
   5.7000000e+02   1.0800260e-01
   5.7100000e+02   1.0616933e-01
   5.7200000e+02   1.0436718e-01
   5.7300000e+02   1.0259562e-01
   5.7400000e+02   1.0085414e-01
   5.7500000e+02   9.9142209e-02
   5.7600000e+02   9.7459341e-02
   5.7700000e+02   9.5805039e-02
   5.7800000e+02   9.4178817e-02
   5.7900000e+02   9.2580198e-02
   5.8000000e+02   9.1008716e-02
   5.8100000e+02   8.9463908e-02
   5.8200000e+02   8.7945322e-02
   5.8300000e+02   8.6452513e-02
   5.8400000e+02   8.4985043e-02
   5.8500000e+02   8.3542483e-02
   5.8600000e+02   8.2124409e-02
   5.8700000e+02   8.0730406e-02
   5.8800000e+02   7.9360065e-02
   5.8900000e+02   7.8012984e-02
   5.9000000e+02   7.6688770e-02
   5.9100000e+02   7.5387033e-02
   5.9200000e+02   7.4107392e-02
   5.9300000e+02   7.2849472e-02
   5.9400000e+02   7.1612904e-02
   5.9500000e+02   7.0397326e-02
   5.9600000e+02   6.9202382e-02
   5.9700000e+02   6.8027721e-02
   5.9800000e+02   6.6872999e-02
   5.9900000e+02   6.5737877e-02
   6.0000000e+02   6.4622024e-02
   6.0100000e+02   6.3525111e-02
   6.0200000e+02   6.2446818e-02
   6.0300000e+02   6.1386828e-02
   6.0400000e+02   6.0344830e-02
   6.0500000e+02   5.9320520e-02
   6.0600000e+02   5.8313596e-02
   6.0700000e+02   5.7323765e-02
   6.0800000e+02   5.6350735e-02
   6.0900000e+02   5.5394221e-02
   6.1000000e+02   5.4453944e-02
   6.1100000e+02   5.3529627e-02
   6.1200000e+02   5.2621000e-02
   6.1300000e+02   5.1727796e-02
   6.1400000e+02   5.0849754e-02
   6.1500000e+02   4.9986615e-02
   6.1600000e+02   4.9138128e-02
   6.1700000e+02   4.8304044e-02
   6.1800000e+02   4.7484117e-02
   6.1900000e+02   4.6678108e-02
   6.2000000e+02   4.5885781e-02
   6.2100000e+02   4.5106902e-02
   6.2200000e+02   4.4341245e-02
   6.2300000e+02   4.3588584e-02
   6.2400000e+02   4.2848699e-02
   6.2500000e+02   4.2121373e-02
   6.2600000e+02   4.1406393e-02
   6.2700000e+02   4.0703549e-02
   6.2800000e+02   4.0012635e-02
   6.2900000e+02   3.9333449e-02
   6.3000000e+02   3.8665792e-02
   6.3100000e+02   3.8009468e-02
   6.3200000e+02   3.7364284e-02
   6.3300000e+02   3.6730052e-02
   6.3400000e+02   3.6106586e-02
   6.3500000e+02   3.5493702e-02
   6.3600000e+02   3.4891222e-02
   6.3700000e+02   3.4298968e-02
   6.3800000e+02   3.3716768e-02
   6.3900000e+02   3.3144450e-02
   6.4000000e+02   3.2581847e-02
   6.4100000e+02   3.2028793e-02
   6.4200000e+02   3.1485127e-02
   6.4300000e+02   3.0950690e-02
   6.4400000e+02   3.0425324e-02
   6.4500000e+02   2.9908876e-02
   6.4600000e+02   2.9401194e-02
   6.4700000e+02   2.8902130e-02
   6.4800000e+02   2.8411537e-02
   6.4900000e+02   2.7929271e-02
   6.5000000e+02   2.7455192e-02
   6.5100000e+02   2.6989159e-02
   6.5200000e+02   2.6531038e-02
   6.5300000e+02   2.6080692e-02
   6.5400000e+02   2.5637991e-02
   6.5500000e+02   2.5202805e-02
   6.5600000e+02   2.4775005e-02
   6.5700000e+02   2.4354467e-02
   6.5800000e+02   2.3941067e-02
   6.5900000e+02   2.3534685e-02
   6.6000000e+02   2.3135200e-02
   6.6100000e+02   2.2742497e-02
   6.6200000e+02   2.2356459e-02
   6.6300000e+02   2.1976974e-02
   6.6400000e+02   2.1603931e-02
   6.6500000e+02   2.1237219e-02
   6.6600000e+02   2.0876733e-02
   6.6700000e+02   2.0522365e-02
   6.6800000e+02   2.0174013e-02
   6.6900000e+02   1.9831573e-02
   6.7000000e+02   1.9494947e-02
   6.7100000e+02   1.9164034e-02
   6.7200000e+02   1.8838738e-02
   6.7300000e+02   1.8518964e-02
   6.7400000e+02   1.8204618e-02
   6.7500000e+02   1.7895607e-02
   6.7600000e+02   1.7591842e-02
   6.7700000e+02   1.7293233e-02
   6.7800000e+02   1.6999693e-02
   6.7900000e+02   1.6711135e-02
   6.8000000e+02   1.6427476e-02
   6.8100000e+02   1.6148631e-02
   6.8200000e+02   1.5874520e-02
   6.8300000e+02   1.5605061e-02
   6.8400000e+02   1.5340176e-02
   6.8500000e+02   1.5079788e-02
   6.8600000e+02   1.4823819e-02
   6.8700000e+02   1.4572195e-02
   6.8800000e+02   1.4324843e-02
   6.8900000e+02   1.4081689e-02
   6.9000000e+02   1.3842662e-02
   6.9100000e+02   1.3607693e-02
   6.9200000e+02   1.3376712e-02
   6.9300000e+02   1.3149652e-02
   6.9400000e+02   1.2926446e-02
   6.9500000e+02   1.2707029e-02
   6.9600000e+02   1.2491336e-02
   6.9700000e+02   1.2279304e-02
   6.9800000e+02   1.2070872e-02
   6.9900000e+02   1.1865978e-02
   7.0000000e+02   1.1664561e-02
   7.0100000e+02   1.1466564e-02
   7.0200000e+02   1.1271927e-02
   7.0300000e+02   1.1080594e-02
   7.0400000e+02   1.0892509e-02
   7.0500000e+02   1.0707616e-02
   7.0600000e+02   1.0525862e-02
   7.0700000e+02   1.0347193e-02
   7.0800000e+02   1.0171557e-02
   7.0900000e+02   9.9989019e-03
   7.1000000e+02   9.8291777e-03
   7.1100000e+02   9.6623344e-03
   7.1200000e+02   9.4983232e-03
   7.1300000e+02   9.3370960e-03
   7.1400000e+02   9.1786054e-03
   7.1500000e+02   9.0228052e-03
   7.1600000e+02   8.8696495e-03
   7.1700000e+02   8.7190935e-03
   7.1800000e+02   8.5710931e-03
   7.1900000e+02   8.4256050e-03
   7.2000000e+02   8.2825863e-03
   7.2100000e+02   8.1419954e-03
   7.2200000e+02   8.0037908e-03
   7.2300000e+02   7.8679322e-03
   7.2400000e+02   7.7343796e-03
   7.2500000e+02   7.6030941e-03
   7.2600000e+02   7.4740370e-03
   7.2700000e+02   7.3471705e-03
   7.2800000e+02   7.2224576e-03
   7.2900000e+02   7.0998615e-03
   7.3000000e+02   6.9793464e-03
   7.3100000e+02   6.8608770e-03
   7.3200000e+02   6.7444185e-03
   7.3300000e+02   6.6299368e-03
   7.3400000e+02   6.5173984e-03
   7.3500000e+02   6.4067702e-03
   7.3600000e+02   6.2980199e-03
   7.3700000e+02   6.1911155e-03
   7.3800000e+02   6.0860257e-03
   7.3900000e+02   5.9827198e-03
   7.4000000e+02   5.8811674e-03
   7.4100000e+02   5.7813388e-03
   7.4200000e+02   5.6832047e-03
   7.4300000e+02   5.5867363e-03
   7.4400000e+02   5.4919055e-03
   7.4500000e+02   5.3986843e-03
   7.4600000e+02   5.3070455e-03
   7.4700000e+02   5.2169622e-03
   7.4800000e+02   5.1284080e-03
   7.4900000e+02   5.0413569e-03
   7.5000000e+02   4.9557835e-03
   7.5100000e+02   4.8716626e-03
   7.5200000e+02   4.7889696e-03
   7.5300000e+02   4.7076803e-03
   7.5400000e+02   4.6277708e-03
   7.5500000e+02   4.5492177e-03
   7.5600000e+02   4.4719980e-03
   7.5700000e+02   4.3960890e-03
   7.5800000e+02   4.3214685e-03
   7.5900000e+02   4.2481147e-03
   7.6000000e+02   4.1760060e-03
   7.6100000e+02   4.1051212e-03
   7.6200000e+02   4.0354397e-03
   7.6300000e+02   3.9669410e-03
   7.6400000e+02   3.8996051e-03
   7.6500000e+02   3.8334120e-03
   7.6600000e+02   3.7683426e-03
   7.6700000e+02   3.7043777e-03
   7.6800000e+02   3.6414985e-03
   7.6900000e+02   3.5796867e-03
   7.7000000e+02   3.5189241e-03
   7.7100000e+02   3.4591928e-03
   7.7200000e+02   3.4004755e-03
   7.7300000e+02   3.3427549e-03
   7.7400000e+02   3.2860140e-03
   7.7500000e+02   3.2302363e-03
   7.7600000e+02   3.1754053e-03
   7.7700000e+02   3.1215051e-03
   7.7800000e+02   3.0685197e-03
   7.7900000e+02   3.0164338e-03
   7.8000000e+02   2.9652320e-03
   7.8100000e+02   2.9148993e-03
   7.8200000e+02   2.8654210e-03
   7.8300000e+02   2.8167825e-03
   7.8400000e+02   2.7689696e-03
   7.8500000e+02   2.7219684e-03
   7.8600000e+02   2.6757649e-03
   7.8700000e+02   2.6303457e-03
   7.8800000e+02   2.5856975e-03
   7.8900000e+02   2.5418071e-03
   7.9000000e+02   2.4986617e-03
   7.9100000e+02   2.4562487e-03
   7.9200000e+02   2.4145557e-03
   7.9300000e+02   2.3735703e-03
   7.9400000e+02   2.3332806e-03
   7.9500000e+02   2.2936749e-03
   7.9600000e+02   2.2547414e-03
   7.9700000e+02   2.2164688e-03
   7.9800000e+02   2.1788458e-03
   7.9900000e+02   2.1418614e-03
   8.0000000e+02   2.1055049e-03
   8.0100000e+02   2.0697654e-03
   8.0200000e+02   2.0346326e-03
   8.0300000e+02   2.0000962e-03
   8.0400000e+02   1.9661460e-03
   8.0500000e+02   1.9327721e-03
   8.0600000e+02   1.8999646e-03
   8.0700000e+02   1.8677141e-03
   8.0800000e+02   1.8360110e-03
   8.0900000e+02   1.8048460e-03
   8.1000000e+02   1.7742100e-03
   8.1100000e+02   1.7440941e-03
   8.1200000e+02   1.7144893e-03
   8.1300000e+02   1.6853871e-03
   8.1400000e+02   1.6567789e-03
   8.1500000e+02   1.6286562e-03
   8.1600000e+02   1.6010110e-03
   8.1700000e+02   1.5738349e-03
   8.1800000e+02   1.5471202e-03
   8.1900000e+02   1.5208590e-03
   8.2000000e+02   1.4950435e-03
   8.2100000e+02   1.4696662e-03
   8.2200000e+02   1.4447196e-03
   8.2300000e+02   1.4201966e-03
   8.2400000e+02   1.3960897e-03
   8.2500000e+02   1.3723921e-03
   8.2600000e+02   1.3490967e-03
   8.2700000e+02   1.3261968e-03
   8.2800000e+02   1.3036855e-03
   8.2900000e+02   1.2815564e-03
   8.3000000e+02   1.2598029e-03
   8.3100000e+02   1.2384186e-03
   8.3200000e+02   1.2173974e-03
   8.3300000e+02   1.1967329e-03
   8.3400000e+02   1.1764192e-03
   8.3500000e+02   1.1564504e-03
   8.3600000e+02   1.1368204e-03
   8.3700000e+02   1.1175237e-03
   8.3800000e+02   1.0985546e-03
   8.3900000e+02   1.0799074e-03
   8.4000000e+02   1.0615767e-03
   8.4100000e+02   1.0435572e-03
   8.4200000e+02   1.0258436e-03
   8.4300000e+02   1.0084306e-03
   8.4400000e+02   9.9131323e-04
   8.4500000e+02   9.7448640e-04
   8.4600000e+02   9.5794518e-04
   8.4700000e+02   9.4168475e-04
   8.4800000e+02   9.2570032e-04
   8.4900000e+02   9.0998722e-04
   8.5000000e+02   8.9454084e-04
   8.5100000e+02   8.7935665e-04
   8.5200000e+02   8.6443020e-04
   8.5300000e+02   8.4975711e-04
   8.5400000e+02   8.3533309e-04
   8.5500000e+02   8.2115391e-04
   8.5600000e+02   8.0721541e-04
   8.5700000e+02   7.9351350e-04
   8.5800000e+02   7.8004418e-04
   8.5900000e+02   7.6680349e-04
   8.6000000e+02   7.5378755e-04
   8.6100000e+02   7.4099254e-04
   8.6200000e+02   7.2841472e-04
   8.6300000e+02   7.1605040e-04
   8.6400000e+02   7.0389596e-04
   8.6500000e+02   6.9194783e-04
   8.6600000e+02   6.8020251e-04
   8.6700000e+02   6.6865656e-04
   8.6800000e+02   6.5730659e-04
   8.6900000e+02   6.4614928e-04
   8.7000000e+02   6.3518136e-04
   8.7100000e+02   6.2439961e-04
   8.7200000e+02   6.1380087e-04
   8.7300000e+02   6.0338204e-04
   8.7400000e+02   5.9314006e-04
   8.7500000e+02   5.8307193e-04
   8.7600000e+02   5.7317470e-04
   8.7700000e+02   5.6344547e-04
   8.7800000e+02   5.5388139e-04
   8.7900000e+02   5.4447964e-04
   8.8000000e+02   5.3523749e-04
   8.8100000e+02   5.2615222e-04
   8.8200000e+02   5.1722116e-04
   8.8300000e+02   5.0844170e-04
   8.8400000e+02   4.9981127e-04
   8.8500000e+02   4.9132733e-04
   8.8600000e+02   4.8298740e-04
   8.8700000e+02   4.7478903e-04
   8.8800000e+02   4.6672983e-04
   8.8900000e+02   4.5880742e-04
   8.9000000e+02   4.5101949e-04
   8.9100000e+02   4.4336376e-04
   8.9200000e+02   4.3583798e-04
   8.9300000e+02   4.2843994e-04
   8.9400000e+02   4.2116748e-04
   8.9500000e+02   4.1401846e-04
   8.9600000e+02   4.0699079e-04
   8.9700000e+02   4.0008241e-04
   8.9800000e+02   3.9329130e-04
   8.9900000e+02   3.8661546e-04
   9.0000000e+02   3.8005294e-04
